403
1
-676375215
-1940831229
-1239110766
-1416967900
1704873959
-1184869315
-2124750156
637792538
-1378893211
-830331137
580623238
1355185424
-1419512397
1805477457
-427637248
662323934
2039599401
1095285979
-1046574102
-167912564
-446784305
-736230267
1534201660
975457810
1136741645
182031943
-1941746642
-1273622136
1754892427
920117865
-496705992
-836454682
1027134081
-1618862573
-606246462
1815904884
-1865685897
75296109
1424806404
-1537380054
1421534869
461999407
-1259800522
326257760
1442669219
1775736257
-667819600
1484275918
-95445447
-2038849461
591122938
-2115711748
-1467293377
-568287723
1181064492
1770122754
-2427683
258846679
1522322110
408636664
-1580289317
94857529
418196616
-1049994186
1399974001
-2056463709
-59949070
-2069097660
-2014233593
-145335843
1164158676
433621498
-867441339
-1329319521
12866342
1131097008
-2080712621
-591735951
1944822432
338187838
-1000940215
-1164631045
-984201270
-1044219604
-1102637777
1653873637
-266083684
-1498781966
-1772898451
-1605664601
1421640398
421244968
312888363
-1438056887
-834193576
-1813847546
-508441631
1978100083
1127860706
-989467308
1601209431
657680461
-151245852
110987722
1082036277
714755727
-1262297194
931291968
833736195
1010308129
-2033985776
-873820946
1487312025
526745899
1316501530
1130181340
-2075397409
-995513163
861342284
-925960542
-1332388355
195753719
1263312926
-915655976
1996478011
811721689
-1029926552
-918493034
2070832657
1886166979
-411704366
90545764
-915673689
-1927953667
731215604
1979425242
-443620059
-1119394753
-510094394
-988020656
11709555
-1256800111
708927680
-1727214946
-1210382743
-1192970597
-970351702
-1228406836
1118007951
1649171141
-1231867268
459431634
501594701
-1313876217
412826350
-863424568
32764107
603705641
1114139000
-1974894938
-1892947775
1249632595
1229049346
-381446348
33068215
722568365
409543108
1581859306
280714837
450064367
631693302
-1043490528
-2019223837
-881201279
1723234800
1929078926
-9826311
-2126060149
1683227066
-1227423556
885367807
-1893224107
1001925228
-30818622
-978917091
759103383
2070559486
-2005294920
-1650480485
-581236487
-961693112
1832084854
-824855375
-850446109
905983922
529606660
78216007
133829149
1216522388
-1868142534
247335557
-1223050401
-2010885146
-1606214032
1414222227
1549801009
-1385378592
-612426370
751226889
280379451
-2018374134
-1077961236
304288367
1180261797
-1955160740
1168171314
-1021820883
2018541287
375460878
902995432
-459339797
567711881
1431403544
-263890106
-2066044511
-1358981069
-2123803230
1454302012
-149771918
2059991856
-1549701852
-623858888
-168452390
1652189072
888114940
1560308628
-1486413758
-806759168
319276092
601866576
1998327970
572776776
308467468
-1165704484
1332211026
1275528320
-306421676
1129533416
-1253889798
-1658541232
1077116716
-107386508
2036362130
249751648
-451654260
-402465952
402455010
538604456
-733563700
-1192116228
-1566562894
1875129840
23907268
796632408
472881530
-1506524240
-325727812
-16566188
1396881346
2051633184
1348237500
-713141680
1672737762
1350680680
961102924
918165756
-337146894
-1045886720
-68157068
790768648
-1259159622
-2000358960
114785260
1160995220
1084723666
-341143200
99192652
655153440
403816322
-1427509528
-1931394836
-1882295236
-924288142
341556848
-872360924
555879224
-1480266598
-241315120
1118748860
502558356
-1291012478
-1539225408
1681302332
345185424
-1213120990
-368160760
419273996
1894329500
-779993582
397295488
-749220332
338045480
1966781754
1837697488
-1231604628
2142251316
-1401153902
-1125332128
1531425612
-661637152
-823797854
1157171112
-566989428
824019132
957368690
-1800088336
-1649872828
-1403903656
1538057786
1535949680
951892028
-77439212
1047700930
1343109856
867817340
-930406704
1266423970
1567149096
-749181684
-961943620
1430497586
-272569920
2020428340
161471432
-2036893510
-75748976
-767979028
641155668
765784210
-1481167072
-2071582260
-853748256
297531074
1480877096
-1347374420
-551426884
1382623730
24719664
1423496356
205768376
-992985766
-1817315952
202298236
797141268
-2122382526
1165564672
-1498892356
-448766128
-1194458334
-276947640
-1569150452
192481372
-323748654
500439552
-174658220
-2082579992
1216531450
965869776
2027064620
-407461132
-1846126190
-2095434656
-910154484
-482946336
82987362
-1932191064
-1328741812
1165668732
860325170
-627101584
-1224030396
-1832174120
1615039610
-2103742928
810961596
-2072600748
621909058
-852083296
-998700356
1310243280
-118489758
-21270552
1933395916
222203644
-663723534
-2071492480
-2034989836
-1132624248
-124889286
-125783216
-1430509972
831799444
1763234130
-740622624
-350391604
1282896032
-245580926
107475688
1829606124
1262754876
-2006445454
-1491078032
1093404196
-78363592
1031125018
-885089584
-546335684
-181951340
-1668473726
188827584
-2140907204
-2011360624
254274594
1712145416
-1792325492
-1575584740
1056544402
616875136
-1033089004
-652073688
860196410
894160
678515820
378729140
405772306
-479016992
754708428
1320652256
796327458
-1911936728
-175206132
437429820
-793931534
1115826928
1059717356
1288823869
201463815
1804690416
-1326256242
1398369723
1942162333
-1511911094
1140373864
2090610513
-229397437
-709757628
974460402
-422649913
1292673425
-460286698
-1484182156
-23909371
427056207
354119752
1187145190
304413459
-682222475
-1317714350
-199524192
-2115905143
477977019
198735372
-2032914534
-277309681
55741785
941189102
-1275212164
395507437
713785751
-1727542688
824721470
-199374581
-1408693363
577210554
-1693053192
-450526047
1408294995
-281719948
-1481901822
-2136729193
769721185
-1288874074
1137176996
384460885
-1320125185
2050539928
1759369910
1942238019
-1781633403
-1255005406
409884688
-524688455
-1971649429
-762194084
302034570
-1784644993
-1838029879
1114095710
-898522356
2119961309
87139303
1712928784
1118360878
1599908315
-1028526403
-296969174
1520180424
1154103793
-800032925
-1399836828
716424850
735781735
-1434579663
-367352202
1416009620
103457701
307565743
2094958952
594293062
-921138957
1423611477
1762327090
1679050752
1773264105
-1326523557
-889455188
-1333238342
1039131503
204616953
1217980814
588684380
-1210585395
-1194145225
415072448
-358543458
-632892309
1797190637
-87746982
-1380132584
-2072910207
1334033459
-1850619308
-1093435806
-267071241
948093761
1154447814
-1157201148
-33298763
-687566433
-2034905608
570704854
904896099
-1121608155
282095042
930292400
-1724028199
-1588982709
190993084
-524660502
-2137567969
2083132841
1326281534
-2122592724
-947061635
217482951
-1380663376
670765518
548604667
-2713251
-986715510
970987688
877866001
293829891
370462724
-1989648334
118622343
-836254511
636034646
20049460
599819589
242567055
1796829960
-788646618
-1295913517
146466613
-122196334
-1700816288
1116421065
-1382745349
1203553484
-1571431078
-299831217
-287777511
1444435758
174303548
-1612931411
-2001872553
2143344800
-640883202
-366790453
-1805072691
-1058090502
-1147819464
-674329035
